kinematics:
  shoulder:
    x: 0
    y: 0
    z: 0.1626800580869104
    roll: -0
    pitch: 0
    yaw: -2.440946700321689e-08
  upper_arm:
    x: 0.0001927491144986482
    y: 0
    z: 0
    roll: 1.570967371836258
    pitch: 0
    yaw: -4.781244155970908e-07
  forearm:
    x: -0.42498056293301
    y: 0
    z: 0
    roll: 3.140830454629243
    pitch: -3.141025825534733
    yaw: -3.141587150450678
  wrist_1:
    x: -0.3923921572181783
    y: -0.0004830457471490809
    z: 0.1335190877227345
    roll: 0.003617787149062486
    pitch: -0.0008988157161636774
    yaw: -1.636837205814101e-07
  wrist_2:
    x: 8.689264644798184e-05
    y: -0.09965570430321291
    z: 1.701172998455365e-05
    roll: 1.570625621766637
    pitch: 0
    yaw: -2.429163128564449e-07
  wrist_3:
    x: 9.752496170679688e-05
    y: 0.09944551371949518
    z: 0.0001244196746126526
    roll: 1.572047460255216
    pitch: 3.141592653589793
    yaw: 3.141592596889165
  hash: calib_9568465454587190357